,BT II,RC II,BS II,AH II,Correction,BS I,RC I,AH I,BT I
Untreated: 5%,0.07611716386167015,0.11603981034710731,0.12332217150209379,0.09987341070936746,0.09132906742018264,0.09418554658828468,0.14953961625578652,0.14320654611489977,0.10638666720060769
Untreated: 10%,0.07494586923377454,0.11504405647604443,0.12326389418823737,0.09978707515281636,0.09265427236558489,0.09424396627065078,0.14994119669905165,0.14407466538869557,0.10604500422514453
Untreated: 20%,0.0735895164910217,0.11381423178320553,0.12313513578692337,0.09991379237902757,0.09455692608586941,0.09450926022279353,0.15032626565571208,0.14471873710279357,0.10543613449265331
Untreated: 30%,0.07294137885694395,0.11309113807532006,0.12296687134950463,0.10010067502233666,0.09571100407238446,0.09478243913226952,0.1504035411602383,0.14484003475326807,0.10516291757773431
Untreated: 40%,0.07244831629663344,0.11250344755367178,0.12292463653768552,0.10014548283032922,0.09674688890382084,0.0951713707467234,0.15063291290224112,0.1446761434190998,0.10475080080979492
Untreated: 50%,0.07202164316068223,0.11197772014015488,0.12291548708021478,0.10011492416445651,0.09740231325688438,0.09543578944476447,0.1507735217182348,0.14476070350985704,0.10459789752475099
Untreated: 60%,0.07107968849836072,0.11035003550142265,0.12253782151059679,0.10045372801482072,0.0991784857771149,0.09617457990250418,0.1510579980577595,0.14493635156201326,0.10423131117540724
Untreated: 70%,0.07030671663378672,0.10828796878659865,0.12201369244615409,0.10111237810947357,0.10120497538168224,0.09743737007548606,0.15124225987723874,0.14442378870819142,0.10397084998138852
Untreated: 80%,0.10224822152732004,0.11608586277481346,0.11303190850365027,0.08696490739429287,0.11319617540864992,0.11135628930776348,0.14562207075808917,0.1285603562724095,0.0829342080530113
Untreated: 90%,0.09960520990276417,0.11327223969861162,0.11053964411398176,0.08537434832458081,0.09974106529190258,0.10590574929186923,0.14531619467923915,0.13735036085811264,0.10289518783893802
Untreated: 95%,0.09939855634417422,0.11486481800997982,0.105904783421191,0.08428590347457,0.09788021859664443,0.11931779707941806,0.14581565654543266,0.13114118096122418,0.10139108556736565
MeOH: 5%,0.08996477586534737,0.11588261614290304,0.11614608236333163,0.10733092454885333,0.11011023032784165,0.11180530871603175,0.11909780371350055,0.11843947052631605,0.1112227877958746
MeOH: 10%,0.08875596623712391,0.11583693811185046,0.11611182563360323,0.10719363579734169,0.1117810560596966,0.11162776013118315,0.11909290918140855,0.11823374665504022,0.11136616219275208
MeOH: 20%,0.0869713607947769,0.11580598257864456,0.11620543748366433,0.10688396729306303,0.11443894314360233,0.1114252416424991,0.1192588195874638,0.1181426539967981,0.11086759347948771
MeOH: 30%,0.08608826064865198,0.11577193917721752,0.11627193054126901,0.1068062873906289,0.11580948626818288,0.11134057760129668,0.11937379334361042,0.11802253279315185,0.11051519223599078
MeOH: 40%,0.08543689112124778,0.11573183611761308,0.11631274926240116,0.10671175371587967,0.11688513117277502,0.11122619737623915,0.11945649140821887,0.1179588467053608,0.11028010312026443
MeOH: 50%,0.08488915821431353,0.11567018555641763,0.11636022247331715,0.10663764499892442,0.11780734166419474,0.11119323507017648,0.119557201410372,0.11786498560245984,0.11002002500982418
MeOH: 60%,0.08397891473414491,0.1155220534668852,0.11648194849627193,0.1065605142528416,0.11902808449039666,0.1112354446043052,0.1198259667421252,0.11776396856041715,0.10960310465261212
MeOH: 70%,0.10856450736776693,0.11437232634031931,0.11495392573708134,0.10233005395991013,0.1330634322880146,0.09909470430500418,0.11601864713648231,0.11999613437583385,0.0916062684895875
MeOH: 80%,0.11268805283338867,0.11747698728828708,0.11626792665543638,0.09864428629217674,0.1272398647544693,0.11124917666418546,0.11827805715943433,0.11043656863926853,0.08771907971335356
MeOH: 90%,0.11215042056258356,0.11631020320958266,0.115188105310709,0.09997331597980005,0.13185342150622623,0.11065967613567039,0.11672371710888116,0.10831236342352354,0.0888287767630233
MeOH: 95%,0.11085711711301315,0.11473218423586974,0.113742751989525,0.10168440271238507,0.13444609551923684,0.11037432815861051,0.11504324612873185,0.10612025303818669,0.09299962110444114
WA45: 5%,0.07508532049145587,0.11508786498425584,0.12365785936620863,0.09882607605889325,0.09274331820306861,0.14637466156409637,0.15074831775422565,0.11743999680899055,0.08003658476880539
WA45: 10%,0.09255625258162282,0.11473305370385872,0.11688294044104948,0.09669276757442466,0.0883010077990237,0.13903648498810456,0.1454829291732193,0.11944043400175276,0.08687412973694399
WA45: 20%,0.10377535952821387,0.11932294466263452,0.11077724399684995,0.08808195196360658,0.08915246678681041,0.13343283588086796,0.14223637360043107,0.12222221303763456,0.09099861054295111
WA45: 30%,0.10387634533031381,0.11946871426077658,0.11076765723507308,0.0875653590998405,0.08940995337014195,0.13386362549872385,0.14197079251610842,0.12232726041246786,0.09075029227655404
WA45: 40%,0.07176737609144226,0.11225719764012008,0.12289966149624873,0.09953724482902326,0.09953115830143511,0.1482309044740531,0.14965709323194504,0.11706487627074878,0.07905448766498356
WA45: 50%,0.0911330773919827,0.114980908919488,0.11566411746046443,0.0961227752565134,0.08964435448194821,0.14558854962123308,0.14498648432452468,0.1177151251895359,0.0841646073543096
WA45: 60%,0.09836563713154414,0.11721834898489747,0.11249472024934491,0.09072152814629177,0.09017085938291716,0.14082926780928381,0.14318559808385412,0.12015991917907692,0.08685412103278967
WA45: 70%,0.08729729859645241,0.11376185300552151,0.11618771454875118,0.09784134694765795,0.09253091383026095,0.14744973436743664,0.14520772168157656,0.11693345635806032,0.08278996066428271
WA45: 80%,0.07042008912713667,0.10829627254305105,0.12140728785232321,0.10074102914296172,0.10574462190424472,0.1489149276226774,0.14732797433121284,0.11696377210652545,0.0801840253698668
WA45: 90%,0.07114124401526171,0.10700603123302485,0.12026961027950689,0.1009984900451877,0.1077415247626468,0.14804510011166247,0.14566983804648234,0.11715539460073977,0.08197276690548737
WA45: 95%,0.07231503741120987,0.10613131157402372,0.11903128987776551,0.101109771951148,0.1089543967517841,0.14690235156601633,0.1444343142532024,0.11733126287060795,0.08379026374424205
